[[-1.18305974e-01  1.18436712e-02 -1.27451116e-02 ... -4.28806831e-03
  -2.74982374e-04  1.66403784e-05]
 [-1.04882318e-01  8.37575453e-03 -4.38202930e-03 ...  1.81655070e-02
  -1.54184936e-02  1.61881548e-02]
 [-9.74807686e-02  6.74317735e-03  9.14822614e-03 ...  1.83657787e-03
  -7.16061197e-03 -2.40968366e-02]
 ...
 [-9.66949453e-04 -4.38655031e-03 -8.05479023e-04 ... -1.41760946e-02
  -8.73729867e-03 -1.53965988e-02]
 [-8.97778054e-04 -2.90238606e-03  1.16374848e-03 ...  2.37666562e-02
  -1.02871669e-02  1.58760578e-02]
 [-2.26727182e-04  5.83482341e-04  8.09528222e-03 ...  1.48341128e-02
   2.38007332e-03  1.51840790e-02]]
[[ 1.12903955e-01  2.10417985e-03 -1.42986834e-04 ... -4.54663595e-04
  -8.21621686e-05 -2.92179028e-03]
 [ 1.29854205e-01  9.21925115e-04 -1.79325845e-04 ...  2.56304645e-03
   5.43980568e-03 -2.01837031e-02]
 [ 1.26352892e-01 -1.05842774e-03 -8.19169050e-03 ... -8.17806855e-04
  -1.48787955e-02 -1.64425394e-02]
 ...
 [ 2.35340945e-04  3.88174817e-03  8.19798998e-03 ... -2.54151994e-02
  -1.50738986e-02 -2.81207611e-03]
 [ 3.97740744e-04  5.50136284e-03  9.54788640e-03 ...  6.00415363e-03
  -1.16495395e-02  7.86170923e-03]
 [ 3.57311672e-04  5.45626241e-03  1.12584954e-02 ...  1.46925472e-02
  -9.74359722e-03 -1.51532470e-02]]
[[ 9.04975851e-02  1.49622399e-02  1.76059366e-02 ...  5.34627080e-04
   9.06949115e-04 -4.64573330e-05]
 [ 9.41419562e-02  1.43566944e-02  1.48961654e-02 ...  7.14058097e-03
   1.45225791e-02 -3.07636215e-03]
 [ 9.68703806e-02  1.27175205e-02  3.86046150e-03 ...  5.26660382e-03
  -5.92732233e-03  9.78972147e-03]
 ...
 [ 1.33564521e-03 -1.52565717e-03 -8.85870225e-03 ... -7.14062698e-03
  -1.33528505e-02 -3.07146278e-02]
 [ 1.70764204e-03 -1.71882800e-03 -9.53351714e-03 ...  6.96858242e-03
  -7.77764695e-03 -3.67547459e-03]
 [ 1.37567787e-03 -2.69734318e-03 -1.37669203e-02 ...  1.89820462e-02
  -6.36920223e-03  1.24109498e-02]]
[[-0.08612429 -0.00107903  0.00042437 ... -0.01611355  0.00711223
   0.0006422 ]
 [-0.11099196 -0.00229013  0.00592025 ...  0.00449298 -0.01497583
   0.01068186]
 [-0.11361586 -0.00333837  0.00577293 ...  0.00975379 -0.01441558
   0.00843919]
 ...
 [-0.00041635  0.00421864  0.00266229 ... -0.01979564  0.00463005
  -0.00661664]
 [-0.00071953  0.00462515  0.00301941 ... -0.00723923  0.03639506
  -0.01171297]
 [-0.0006233   0.0015436   0.00445025 ...  0.00486492 -0.00770623
   0.01133404]]
[[ 9.97832093e-02 -5.05864631e-02  8.71135235e-03 ...  2.65372104e-04
  -7.86550330e-05 -5.60343725e-06]
 [ 9.66845139e-02 -5.43925221e-02  8.40282182e-03 ... -1.33193189e-03
  -4.28123191e-03  5.76156557e-03]
 [ 1.01836780e-01 -4.99643102e-02  2.09958673e-03 ... -5.24562059e-03
   5.53897657e-03  4.76719313e-03]
 ...
 [-4.09511685e-04  5.50685140e-03 -2.71464526e-02 ...  2.54934590e-02
   8.36268407e-03 -6.11784547e-03]
 [ 4.30372888e-04  6.75674879e-03 -1.22168778e-02 ... -8.87191814e-03
  -5.94883438e-03 -1.74645671e-02]
 [ 5.14604895e-04  6.39058193e-03 -5.05791225e-03 ...  2.87843269e-02
  -1.84476468e-02 -9.02250565e-03]]
[[ 0.1016648  -0.00467783 -0.00805265 ...  0.00192483  0.00098871
  -0.00019133]
 [ 0.10155677 -0.00580094 -0.00978055 ... -0.01235465  0.00232333
  -0.00219984]
 [ 0.10410501 -0.00513822 -0.00132765 ... -0.00800209  0.00420659
  -0.00102407]
 ...
 [ 0.0009622   0.00508169  0.00419377 ...  0.0330843  -0.02414608
  -0.0103844 ]
 [ 0.00104033  0.00546656  0.00726375 ...  0.00211452 -0.01680367
  -0.02128611]
 [ 0.00097899  0.00564277  0.00560692 ...  0.00058277 -0.01014767
   0.02146282]]
[[ 0.15346425  0.02748542  0.00146353 ...  0.01011901  0.0063539
   0.01054169]
 [ 0.15728228  0.02735305  0.00080088 ... -0.0009821   0.05077487
   0.03901672]
 [ 0.16697894  0.02740771  0.0039398  ...  0.00067935 -0.00357227
  -0.03400287]
 ...
 [-0.00159193  0.01649519 -0.00131406 ... -0.02325615  0.02262514
  -0.01482146]
 [-0.00089342  0.01310865 -0.00278367 ... -0.00872373 -0.00122549
  -0.02253624]
 [ 0.00167787 -0.00210751 -0.00226256 ... -0.03972769 -0.01748304
  -0.06542421]]
[[ 3.32044945e-03  3.03862870e-03 -1.82049360e-02 ...  7.13228562e-04
   1.99325288e-04  2.00848911e-05]
 [ 5.06876918e-03  4.90974848e-03 -1.88340153e-02 ...  4.49619908e-03
  -1.88490483e-02  5.33100613e-04]
 [ 2.13840526e-03 -2.56638319e-03 -1.72237498e-02 ... -1.51078385e-02
   1.25044631e-03 -3.30179822e-03]
 ...
 [ 1.09811506e-02  8.90833483e-03  1.23734912e-02 ...  7.01488528e-03
  -9.27518764e-03 -1.76690567e-02]
 [ 1.14541319e-02  7.99342895e-03  1.20475498e-02 ... -8.69065235e-03
  -1.36568603e-02 -1.23048277e-02]
 [ 1.20170456e-02  8.57612466e-03  1.23944519e-02 ...  2.69996867e-02
  -3.22824108e-03  8.10025812e-03]]
[[ 6.61994636e-03 -3.34104598e-02  8.33623985e-03 ...  2.68933086e-04
  -9.94383690e-04  2.95953578e-05]
 [ 3.23668482e-03 -2.06459784e-02  1.13360670e-02 ... -4.59913856e-03
  -3.97076138e-03  3.35661311e-02]
 [ 1.59970600e-03 -1.37491589e-02  1.34643372e-02 ...  2.04870573e-02
  -6.60848528e-03  2.33015540e-03]
 ...
 [ 1.55133291e-02  5.51183187e-03 -2.88664470e-02 ...  1.71737718e-02
   1.91781874e-02  6.13251334e-03]
 [ 1.42929193e-02  6.12702909e-03 -3.07474888e-02 ... -1.30350683e-02
   3.02407222e-03  2.07543006e-03]
 [ 6.78663784e-03  2.17268536e-03 -2.35402704e-02 ... -4.47156858e-03
   5.83893709e-03 -2.39760368e-02]]
[[ 0.00534992  0.00188317 -0.01504097 ...  0.00040944  0.0003301
   0.00143169]
 [ 0.00638451  0.00273053 -0.01723688 ...  0.02327896 -0.0029614
  -0.01291422]
 [ 0.00555782  0.00265998 -0.01760278 ...  0.00947275  0.00496132
  -0.00505548]
 ...
 [ 0.0104361   0.00329389  0.01492168 ...  0.00698007  0.02757789
   0.00238923]
 [ 0.00962155  0.00406854  0.01508512 ...  0.02323996  0.00309658
  -0.00373943]
 [ 0.00500742  0.00657611  0.01920142 ...  0.01559725 -0.02629691
  -0.00291338]]
[[ 0.00532255 -0.00554581  0.01593553 ... -0.00130193  0.01244955
  -0.00024202]
 [ 0.00617433 -0.00574155  0.01463679 ...  0.00639511 -0.00357615
   0.00346631]
 [ 0.00051289  0.00383834  0.01286169 ... -0.01718227  0.02247867
   0.0107413 ]
 ...
 [ 0.00903681  0.00094036 -0.01115734 ...  0.00019308  0.01822412
   0.01297712]
 [ 0.01155028 -0.0039703  -0.00833947 ...  0.01085931 -0.00684386
   0.0013146 ]
 [ 0.01057315 -0.00597252 -0.01044083 ... -0.00637989 -0.0093999
  -0.01136826]]
[[-0.00879276 -0.00897223 -0.01888849 ... -0.00184764  0.01591964
   0.00309457]
 [-0.01989246 -0.01167465 -0.01865862 ... -0.01402159 -0.00255664
   0.01287132]
 [-0.00176883 -0.009574   -0.01339468 ... -0.01381553  0.00750597
  -0.00145834]
 ...
 [ 0.00113653  0.01404603  0.01671221 ...  0.00072051 -0.00100553
   0.0219003 ]
 [-0.00185638  0.03475352  0.01206217 ... -0.003976   -0.01210066
   0.00777053]
 [-0.00643253  0.04544731  0.0082082  ...  0.00725302 -0.02703029
   0.0047653 ]]
[[ 0.00796321 -0.0030512  -0.01346283 ...  0.00098928  0.00761763
   0.00172012]
 [ 0.00407561 -0.01692224 -0.0077148  ... -0.00966695  0.00615665
   0.00043619]
 [ 0.01163033 -0.04721099  0.00305434 ... -0.01240916  0.00421923
  -0.0054161 ]
 ...
 [-0.00900043  0.01049234  0.0083622  ...  0.00740336  0.00228273
  -0.00619067]
 [-0.00815297  0.00889507  0.00885381 ...  0.0067475   0.00345642
   0.00391936]
 [-0.00807858  0.00815496  0.00963429 ...  0.00638148 -0.00593484
   0.00780219]]
[[ 9.60323835e-03 -8.86701701e-03  1.88582915e-02 ... -3.58312291e-03
   1.38072991e-03  1.19161221e-05]
 [ 9.37980069e-03 -3.83130215e-03  1.78874928e-02 ...  2.58938439e-02
  -1.77974410e-02  1.83721339e-02]
 [ 1.25254354e-02  3.50168189e-03  1.77083936e-02 ... -1.25577177e-02
  -2.76504905e-02  1.40549422e-02]
 ...
 [ 2.53937395e-03  3.57391657e-02 -2.13068010e-02 ... -5.43630249e-02
  -2.47384576e-02 -8.05471764e-03]
 [-6.15245167e-03  6.65815094e-02 -2.30018669e-02 ...  1.30647940e-02
  -5.62175088e-03  3.71412625e-03]
 [-1.17629017e-02  8.67693197e-02 -2.52781319e-02 ...  2.34197278e-02
   4.86311496e-03  1.76633436e-02]]
[[-0.00590884  0.03293644  0.04678073 ...  0.00195549  0.0102657
  -0.00291649]
 [-0.00585023  0.05198346  0.04451208 ... -0.02058804 -0.00658864
   0.05143898]
 [-0.00620038  0.04168465  0.03467792 ... -0.00833197  0.01356441
   0.00497675]
 ...
 [ 0.08637043 -0.01242177  0.0303742  ...  0.03431374 -0.02518622
   0.06729942]
 [ 0.08563506 -0.00885623  0.02348831 ...  0.03794153  0.00615062
   0.00709563]
 [ 0.09626687  0.00849625 -0.00585281 ... -0.01652304  0.01856821
   0.03565534]]
[[ 5.61310798e-03  1.02644771e-02  4.01017002e-06 ... -1.91283962e-03
   8.40076401e-04 -1.18956885e-05]
 [ 5.65161219e-03  7.90004512e-03  1.34001450e-02 ...  2.28708619e-02
   4.35788987e-02  3.65910371e-03]
 [ 5.63964119e-03  8.55448924e-03  1.62772981e-02 ...  7.47825186e-03
   4.11617535e-02 -2.26959914e-02]
 ...
 [-7.79785891e-02 -4.83274161e-04  6.65553007e-03 ...  1.94773524e-03
  -2.28791262e-02 -1.12412297e-02]
 [-9.97911576e-02  1.24270709e-03  1.33836882e-02 ...  3.60961389e-02
   9.09781906e-04 -1.93585557e-02]
 [-1.56306380e-01 -3.23088039e-04  5.78795693e-03 ... -7.43446100e-03
  -2.58975243e-02 -4.42588245e-02]]
[[-6.26063359e-03  2.86437219e-02  5.17802941e-02 ...  1.64555421e-03
  -2.06413490e-03  3.92787954e-04]
 [-5.76667972e-03  2.70280860e-02  5.37993855e-02 ...  1.18842601e-02
  -2.73109050e-02  1.44141934e-02]
 [-5.89085336e-03  1.00644888e-02  4.25838494e-02 ... -1.01515575e-02
  -1.41680647e-02  2.86862021e-02]
 ...
 [ 9.93494972e-02 -9.48719654e-03  3.02030758e-02 ... -1.09833861e-02
  -1.14886964e-02  1.07520951e-02]
 [ 1.13958268e-01  1.87250385e-02  1.77780741e-02 ...  4.96441116e-03
   1.16719091e-03  4.37941947e-02]
 [ 1.52863211e-01 -1.03771136e-04  5.89138474e-02 ...  2.62057739e-02
  -1.09537541e-02  3.62676502e-02]]
[[ 5.77717551e-03 -4.67427207e-03 -2.55617813e-03 ...  2.36807606e-03
  -1.25984929e-05 -9.77293324e-05]
 [ 5.57226480e-03 -6.14715588e-03  5.90192920e-03 ... -1.32442805e-02
  -1.23050300e-02 -1.40079134e-02]
 [ 5.64004119e-03 -9.78659496e-03 -8.78492124e-03 ...  1.22244116e-02
  -3.80000107e-02  2.28771666e-03]
 ...
 [-1.02863200e-01  1.19778464e-02 -3.15751841e-02 ...  1.55835543e-02
   1.49378484e-02 -8.71345741e-03]
 [-1.14704941e-01  2.15697018e-02 -4.34233476e-02 ... -2.13542547e-02
   1.08163956e-02 -5.37120231e-03]
 [-1.01169251e-01  4.17153942e-03 -1.25853653e-02 ...  4.73638697e-02
  -1.66325323e-02 -1.31582868e-04]]
[[ 5.73854717e-03 -2.11951934e-03 -2.39909795e-02 ...  8.69555243e-04
   5.97798913e-03 -4.55245840e-05]
 [ 5.84758829e-03 -1.93944011e-03 -2.31827698e-02 ...  3.77181636e-03
   1.56849346e-02  1.15056541e-02]
 [ 6.61247876e-03  7.90497390e-03 -4.86926546e-02 ... -5.71078806e-03
   2.15258071e-02  1.28564623e-02]
 ...
 [-9.10693987e-02 -8.87958750e-03  1.27495187e-02 ... -2.49196286e-02
   2.73532863e-02  5.50583790e-02]
 [-1.13268470e-01 -7.35955183e-03  8.81946407e-03 ... -5.53700993e-02
  -8.90507742e-03 -1.89346174e-02]
 [-1.10303171e-01 -6.85646366e-03  8.19313348e-03 ...  4.29508722e-02
   1.38920557e-02  4.09299866e-02]]
[[ 0.00675349  0.0450012   0.12378158 ...  0.00099338 -0.00078388
  -0.00055975]
 [ 0.00626214  0.02565412  0.0841435  ...  0.03009246 -0.00117585
  -0.02223318]
 [ 0.00652406  0.01396899  0.0511355  ... -0.03201163 -0.03967295
  -0.00693272]
 ...
 [-0.0940325  -0.00839489 -0.00062197 ...  0.02582968 -0.03037213
   0.0038909 ]
 [-0.10111172 -0.01101099 -0.00956271 ...  0.00754029 -0.01764161
  -0.03024208]
 [-0.11646462 -0.01078184 -0.00616406 ...  0.05725771  0.01771798
  -0.04447501]]
[[ 8.66155175e-03 -2.65388699e-02 -4.82831541e-02 ... -2.34292776e-04
   5.90759199e-04  3.95220294e-05]
 [ 8.80898676e-03 -2.47961551e-02 -3.87868267e-02 ... -3.65737957e-02
  -1.71231651e-02  1.71300351e-02]
 [ 8.63476678e-03 -2.53219871e-02 -4.23237886e-02 ...  3.50984165e-02
  -1.53820661e-02  2.82374371e-03]
 ...
 [-1.64024110e-01 -8.66500281e-04  1.06318762e-01 ...  1.66764669e-02
  -9.69512946e-03 -9.61388704e-04]
 [-1.83313959e-01  3.43834875e-03  1.16524114e-01 ...  3.72752644e-03
  -2.51232292e-02 -1.03570371e-01]
 [-1.85356949e-01  4.66926578e-03  1.21226242e-01 ...  1.79124140e-02
   1.12127658e-02 -4.01611147e-03]]
