[[-0.11830597  0.01184367 -0.01274511 ...  0.0064357   0.00844041
   0.0125    ]
 [-0.10488232  0.00837575 -0.00438203 ...  0.00725643  0.02207648
   0.0125    ]
 [-0.09748077  0.00674318  0.00914823 ...  0.00269764  0.0006175
   0.0125    ]
 ...
 [ 0.00110098 -0.00772408 -0.00175793 ... -0.00580865 -0.02278403
   0.0125    ]
 [ 0.00113767 -0.00827816 -0.00097512 ...  0.00106295 -0.00359789
   0.0125    ]
 [ 0.00269699  0.00035627  0.01266177 ... -0.00115957  0.01183076
   0.0125    ]]
[[ 0.11290395  0.00210418 -0.00014299 ...  0.00468591 -0.00706039
   0.0125    ]
 [ 0.12985421  0.00092193 -0.00017933 ...  0.00619996  0.00948243
   0.0125    ]
 [ 0.12635289 -0.00105843 -0.00819169 ...  0.01694312  0.00979245
   0.0125    ]
 ...
 [-0.00132024  0.00740078  0.01036506 ... -0.02795878 -0.01190155
   0.0125    ]
 [-0.00171296  0.00530448  0.00904618 ... -0.00772688 -0.00819502
   0.0125    ]
 [-0.00142338  0.0061984   0.00854869 ...  0.00926587  0.02117376
   0.0125    ]]
[[ 0.09049759  0.01496224  0.01760594 ...  0.00057064 -0.0054161
   0.0125    ]
 [ 0.09414196  0.01435669  0.01489617 ...  0.00519153 -0.00549263
   0.0125    ]
 [ 0.09687038  0.01271752  0.00386046 ...  0.00010221 -0.00134209
   0.0125    ]
 ...
 [-0.00256948 -0.00131632  0.01277814 ... -0.00163889 -0.0066659
   0.0125    ]
 [-0.00176579 -0.00137261  0.00057266 ... -0.02448195 -0.01489801
   0.0125    ]
 [-0.00113823 -0.00178018  0.00203142 ...  0.00350134  0.00131521
   0.0125    ]]
[[-8.61242855e-02 -1.07903257e-03  4.24367619e-04 ... -8.75108953e-04
   5.47452113e-03  1.25000000e-02]
 [-1.10991957e-01 -2.29012872e-03  5.92024554e-03 ... -5.54102984e-03
  -1.00450231e-03  1.25000000e-02]
 [-1.13615860e-01 -3.33836831e-03  5.77293092e-03 ... -8.08586097e-03
   6.37953212e-03  1.25000000e-02]
 ...
 [ 1.37411893e-03  1.72951000e-03 -4.73538316e-03 ...  4.22476965e-03
   1.49764368e-02  1.25000000e-02]
 [ 1.84542049e-03 -7.05332108e-04 -6.36864266e-03 ...  2.55615213e-03
   1.40651371e-02  1.25000000e-02]
 [ 1.70888935e-03  3.51967232e-03  6.19120410e-05 ...  1.11836964e-03
   1.39771674e-02  1.25000000e-02]]
[[ 0.09978321 -0.05058646  0.00871135 ...  0.00941245 -0.00469824
  -0.0125    ]
 [ 0.09668451 -0.05439252  0.00840282 ...  0.0101876   0.0097366
  -0.0125    ]
 [ 0.10183678 -0.04996431  0.00209959 ...  0.00073151 -0.00708178
  -0.0125    ]
 ...
 [-0.00048688  0.00659498  0.00390531 ... -0.00315294  0.01261753
  -0.0125    ]
 [-0.0005652   0.0078808   0.00439745 ...  0.02284827 -0.00920681
  -0.0125    ]
 [-0.00078504  0.00579033  0.0039657  ...  0.0218243   0.02203987
  -0.0125    ]]
[[ 0.1016648  -0.00467783 -0.00805265 ...  0.00146799 -0.02470338
  -0.0125    ]
 [ 0.10155677 -0.00580094 -0.00978055 ...  0.01305415 -0.00327124
  -0.0125    ]
 [ 0.10410501 -0.00513822 -0.00132765 ...  0.00895988 -0.01143964
  -0.0125    ]
 ...
 [-0.00126095  0.00661933  0.00742604 ...  0.00661406  0.01182297
  -0.0125    ]
 [-0.00105935  0.00668281  0.00649783 ... -0.00103149 -0.00111057
  -0.0125    ]
 [-0.00135582  0.00573839  0.00494643 ... -0.00430594 -0.00126335
  -0.0125    ]]
[[ 0.15346425  0.02748542  0.00146353 ...  0.02724228 -0.0097911
  -0.01976424]
 [ 0.15728228  0.02735305  0.00080088 ... -0.02701234  0.01755439
  -0.01976424]
 [ 0.16697894  0.02740771  0.0039398  ... -0.03665818  0.05520401
  -0.01976424]
 ...
 [-0.00549681  0.04141276 -0.00569529 ...  0.00256368  0.00232902
  -0.01976424]
 [-0.00761633  0.05723061 -0.00392224 ... -0.00879185  0.00094979
  -0.01976424]
 [-0.00762121  0.04889424  0.00387927 ... -0.00075755 -0.01446237
  -0.01976424]]
[[ 3.32044945e-03  3.03862870e-03 -1.82049360e-02 ... -1.79178240e-03
  -2.16256358e-04  1.25000000e-02]
 [ 5.06876918e-03  4.90974848e-03 -1.88340153e-02 ...  7.75319444e-03
  -5.91232921e-03  1.25000000e-02]
 [ 2.13840526e-03 -2.56638319e-03 -1.72237498e-02 ...  5.76892894e-05
  -1.64471498e-02  1.25000000e-02]
 ...
 [-9.22180499e-03 -2.64015513e-02  3.45502344e-03 ... -3.98714257e-03
   8.77616656e-03  1.25000000e-02]
 [-1.38215808e-02 -3.67272236e-02  6.34839346e-03 ...  8.01323162e-03
   7.51805698e-03  1.25000000e-02]
 [-1.81308486e-02 -4.56643886e-02  6.60012375e-03 ... -1.66030486e-03
   7.34517516e-03  1.25000000e-02]]
[[ 6.61994636e-03 -3.34104598e-02  8.33623985e-03 ... -7.00851052e-04
   1.08343144e-02  1.25000000e-02]
 [ 3.23668482e-03 -2.06459784e-02  1.13360670e-02 ...  2.99203556e-02
  -7.82219693e-03  1.25000000e-02]
 [ 1.59970600e-03 -1.37491589e-02  1.34643372e-02 ... -1.46406631e-02
   2.61940500e-05  1.25000000e-02]
 ...
 [ 2.68602243e-03  1.22695419e-02  5.22145391e-03 ...  1.55508680e-02
  -1.05430602e-02  1.25000000e-02]
 [-3.37731703e-03  6.79563588e-03  5.32927849e-03 ... -4.21156408e-02
   1.24535972e-02  1.25000000e-02]
 [-2.40819307e-03 -1.01543313e-03  4.17550295e-03 ... -1.10591982e-02
   1.28954310e-02  1.25000000e-02]]
[[ 5.34991694e-03  1.88316651e-03 -1.50409720e-02 ...  2.06336638e-02
   1.61271264e-02 -1.25000000e-02]
 [ 6.38450565e-03  2.73052774e-03 -1.72368767e-02 ... -4.27788208e-06
   1.81763344e-02 -1.25000000e-02]
 [ 5.55781511e-03  2.65998444e-03 -1.76027781e-02 ...  1.92046741e-02
   4.69879026e-03 -1.25000000e-02]
 ...
 [-4.79344312e-03  6.55701103e-03 -2.68520367e-03 ...  1.92222508e-02
  -2.13634221e-02 -1.25000000e-02]
 [-8.63854539e-03  6.73503301e-03  2.95789975e-03 ... -1.91335172e-02
  -5.53140435e-03 -1.25000000e-02]
 [-1.98465921e-02  1.62568781e-02  1.16996700e-02 ...  4.39114583e-03
  -2.86749926e-04 -1.25000000e-02]]
[[ 0.00532255 -0.00554581  0.01593553 ...  0.00315795  0.02176699
   0.0125    ]
 [ 0.00617433 -0.00574155  0.01463679 ... -0.00214297  0.00945984
   0.0125    ]
 [ 0.00051289  0.00383834  0.01286169 ...  0.00675314 -0.00660138
   0.0125    ]
 ...
 [ 0.00469051  0.00270269  0.00453878 ... -0.01047166  0.011771
   0.0125    ]
 [ 0.00799498 -0.00490315  0.00631685 ...  0.03190192 -0.00256532
   0.0125    ]
 [ 0.00779643 -0.0058227   0.00814493 ...  0.0122871  -0.01247679
   0.0125    ]]
[[-0.00879276 -0.00897223 -0.01888849 ...  0.01828832 -0.01724185
  -0.0125    ]
 [-0.01989246 -0.01167465 -0.01865862 ... -0.00213344  0.00232128
  -0.0125    ]
 [-0.00176883 -0.009574   -0.01339468 ...  0.0076124   0.0124886
  -0.0125    ]
 ...
 [-0.01116909  0.03811347 -0.02174282 ... -0.00606645  0.01730201
  -0.0125    ]
 [-0.01160984  0.03360624 -0.01751016 ...  0.01780948  0.00859397
  -0.0125    ]
 [-0.01941097  0.05771617 -0.02854156 ...  0.00356074  0.00284093
  -0.0125    ]]
[[ 0.00796321 -0.0030512  -0.01346283 ... -0.00140855 -0.0020171
   0.0125    ]
 [ 0.00407561 -0.01692224 -0.0077148  ...  0.00313532 -0.01008497
   0.0125    ]
 [ 0.01163033 -0.04721099  0.00305434 ... -0.00941544  0.01885276
   0.0125    ]
 ...
 [-0.005804    0.00405039 -0.00979051 ... -0.01818699 -0.00620421
   0.0125    ]
 [-0.00328777  0.00615053 -0.00896877 ...  0.01445669  0.00235252
   0.0125    ]
 [ 0.00622452  0.00765099 -0.00869412 ...  0.00455238 -0.00081899
   0.0125    ]]
[[ 0.00960324 -0.00886702  0.01885829 ... -0.01070438 -0.01068153
   0.01976424]
 [ 0.0093798  -0.0038313   0.01788749 ...  0.00539989  0.00219708
   0.01976424]
 [ 0.01252544  0.00350168  0.01770839 ...  0.00480989 -0.02755389
   0.01976424]
 ...
 [ 0.01618171  0.00510301 -0.02042955 ... -0.01057249 -0.00937246
   0.01976424]
 [ 0.01337963  0.02319557 -0.01920866 ... -0.01925186  0.01985167
   0.01976424]
 [-0.00732961  0.10185024 -0.02750022 ... -0.01025311 -0.00038973
   0.01976424]]
[[-0.00590884  0.03293644  0.04678073 ...  0.00740312  0.01080659
   0.025     ]
 [-0.00585023  0.05198346  0.04451208 ...  0.01768422 -0.03253725
   0.025     ]
 [-0.00620038  0.04168465  0.03467792 ...  0.03094486 -0.02178119
   0.025     ]
 ...
 [ 0.08637043 -0.01242177  0.0303742  ... -0.02895677  0.0484249
   0.025     ]
 [ 0.08563506 -0.00885623  0.02348831 ...  0.04234084 -0.02247382
   0.025     ]
 [ 0.09626687  0.00849625 -0.00585281 ...  0.01419746  0.00427567
   0.025     ]]
[[ 5.61310798e-03  1.02644771e-02  4.01017002e-06 ... -2.65491100e-02
  -1.82903884e-03 -2.50000000e-02]
 [ 5.65161219e-03  7.90004512e-03  1.34001450e-02 ...  5.85354985e-02
  -3.15384233e-02 -2.50000000e-02]
 [ 5.63964119e-03  8.55448924e-03  1.62772981e-02 ... -1.67520575e-02
   2.83689490e-02 -2.50000000e-02]
 ...
 [-7.79785891e-02 -4.83274161e-04  6.65553007e-03 ... -4.35130263e-02
   8.09529202e-03 -2.50000000e-02]
 [-9.97911576e-02  1.24270709e-03  1.33836882e-02 ...  5.06156769e-03
   2.20590486e-02 -2.50000000e-02]
 [-1.56306380e-01 -3.23088039e-04  5.78795693e-03 ... -3.64278219e-02
  -1.28473900e-02 -2.50000000e-02]]
[[-6.26063359e-03  2.86437219e-02  5.17802941e-02 ...  2.31712085e-02
  -3.46760789e-02  2.50000000e-02]
 [-5.76667972e-03  2.70280860e-02  5.37993855e-02 ... -1.43264157e-03
   1.84228029e-02  2.50000000e-02]
 [-5.89085336e-03  1.00644888e-02  4.25838494e-02 ...  4.90255574e-03
  -2.43086471e-03  2.50000000e-02]
 ...
 [ 9.93494972e-02 -9.48719654e-03  3.02030758e-02 ... -2.33614084e-02
  -2.69141167e-02  2.50000000e-02]
 [ 1.13958268e-01  1.87250385e-02  1.77780741e-02 ...  9.06952104e-03
  -2.37417872e-02  2.50000000e-02]
 [ 1.52863211e-01 -1.03771136e-04  5.89138474e-02 ... -2.15985974e-02
  -2.06402542e-02  2.50000000e-02]]
[[ 5.77717551e-03 -4.67427207e-03 -2.55617813e-03 ...  3.02381913e-02
   2.52672083e-02 -2.50000000e-02]
 [ 5.57226480e-03 -6.14715588e-03  5.90192920e-03 ...  2.37576740e-02
  -2.61338615e-02 -2.50000000e-02]
 [ 5.64004119e-03 -9.78659496e-03 -8.78492124e-03 ... -3.03812435e-02
   6.78885419e-02 -2.50000000e-02]
 ...
 [-1.02863200e-01  1.19778464e-02 -3.15751841e-02 ...  1.70678394e-02
  -7.96844686e-03 -2.50000000e-02]
 [-1.14704941e-01  2.15697018e-02 -4.34233476e-02 ...  2.80820392e-03
   1.59899224e-02 -2.50000000e-02]
 [-1.01169251e-01  4.17153942e-03 -1.25853653e-02 ...  1.01240108e-02
   1.74531697e-06 -2.50000000e-02]]
[[ 0.00573855 -0.00211952 -0.02399098 ...  0.00030879  0.01484797
   0.025     ]
 [ 0.00584759 -0.00193944 -0.02318277 ...  0.01235441 -0.00501363
   0.025     ]
 [ 0.00661248  0.00790497 -0.04869265 ...  0.01342285 -0.03259931
   0.025     ]
 ...
 [-0.0910694  -0.00887959  0.01274952 ...  0.03494289  0.01173101
   0.025     ]
 [-0.11326847 -0.00735955  0.00881946 ... -0.01478623 -0.00340923
   0.025     ]
 [-0.11030317 -0.00685646  0.00819313 ...  0.00023386 -0.0411883
   0.025     ]]
[[ 0.00675349  0.0450012   0.12378158 ...  0.00231647 -0.0103862
  -0.025     ]
 [ 0.00626214  0.02565412  0.0841435  ... -0.01373818  0.01980655
  -0.025     ]
 [ 0.00652406  0.01396899  0.0511355  ... -0.013677    0.00622476
  -0.025     ]
 ...
 [-0.0940325  -0.00839489 -0.00062197 ... -0.00914911 -0.05002018
  -0.025     ]
 [-0.10111172 -0.01101099 -0.00956271 ...  0.01619642 -0.01223762
  -0.025     ]
 [-0.11646462 -0.01078184 -0.00616406 ... -0.00691838 -0.01567242
  -0.025     ]]
[[ 0.00866155 -0.02653887 -0.04828315 ... -0.10218508  0.03144663
  -0.03952847]
 [ 0.00880899 -0.02479616 -0.03878683 ...  0.04653622 -0.04910937
  -0.03952847]
 [ 0.00863477 -0.02532199 -0.04232379 ... -0.0047401  -0.16826169
  -0.03952847]
 ...
 [-0.16402411 -0.0008665   0.10631876 ...  0.02180665  0.02225256
  -0.03952847]
 [-0.18331396  0.00343835  0.11652411 ...  0.01759764 -0.0029329
  -0.03952847]
 [-0.18535695  0.00466927  0.12122624 ...  0.00371693  0.02495435
  -0.03952847]]
