[[-1.33372318e+04 -1.16517164e+04 -1.07987130e+04 ... -7.44772205e+01
  -6.78990266e+01 -6.33058326e+01]
 [-2.44471094e+04 -2.14892822e+04 -1.98674535e+04 ... -1.91994057e+02
  -1.56716846e+02  1.94996428e+01]
 [-1.77323950e+04 -1.55771072e+04 -1.44342354e+04 ... -1.24235424e+02
  -1.09311465e+02  2.94764340e+01]
 ...
 [ 7.94998571e+03  7.08616330e+03  6.93016807e+03 ... -1.92060295e+02
  -6.21449739e+01  3.16107033e+02]
 [-5.34807780e+02 -3.23750619e+02  1.65985508e+02 ... -1.44293877e+02
  -7.76746734e+01  2.74282087e+02]
 [ 1.49401306e+04  1.32444178e+04  1.24501174e+04 ... -1.19052551e+02
  -1.54856263e+01  1.39894625e+02]]
[[-4.79081811e+03 -5.59312446e+03 -5.34196449e+03 ... -1.92633047e+02
  -2.81361140e+02 -2.77118050e+02]
 [ 3.89543334e+03  4.35540944e+03  4.21635275e+03 ...  1.06317327e+01
   2.81215476e+01  1.91629812e+01]
 [-7.84921011e+03 -9.19140305e+03 -8.99226713e+03 ... -3.90434785e+00
  -3.22855853e+01 -2.28335400e+01]
 ...
 [-1.04078043e+04 -1.19652723e+04 -1.17412419e+04 ...  4.61275184e+01
   7.90770919e+01  1.16185182e+02]
 [ 1.41009471e+03  1.62678878e+03  1.61834687e+03 ... -2.04688393e+01
  -1.45660313e+01 -1.95559546e+01]
 [ 2.78809994e+03  3.14351285e+03  3.04392534e+03 ...  1.32242390e+02
   1.80795026e+02  1.80536829e+02]]
[[-1.60290674e+03 -1.71186339e+03 -1.60064656e+03 ...  9.06071041e+01
   8.98289656e+01  1.90064203e+02]
 [ 1.00766309e+04  1.03107127e+04  1.04899909e+04 ...  5.70071109e+01
   9.50665512e+01  6.40926963e+00]
 [ 7.79517085e+03  7.99279558e+03  8.30313050e+03 ...  2.08063659e+02
   2.28998892e+02  2.49937634e+02]
 ...
 [ 1.87184507e+03  1.91347380e+03  1.96296990e+03 ...  1.74531508e+01
   2.36431979e+01  1.10562820e+01]
 [ 7.72756504e+03  8.09418192e+03  8.37194401e+03 ...  1.07833097e+02
   1.62561696e+02  1.75575186e+02]
 [ 1.21436769e+03  1.28083196e+03  1.33303936e+03 ...  3.90296218e+01
   3.65801139e+01  2.51312984e+01]]
[[-1.38857003e+03 -1.67429858e+03 -1.68208297e+03 ... -5.39377168e+01
  -8.12276374e+01  7.92274044e-01]
 [-9.17260610e+03 -1.16128236e+04 -1.18327052e+04 ... -9.80068261e+01
  -1.25050185e+02 -3.53735833e+01]
 [-4.68272730e+03 -5.98393344e+03 -6.12547154e+03 ... -7.03627542e+01
  -1.22282335e+02 -1.28383774e+02]
 ...
 [-1.95637053e+03 -2.59283344e+03 -2.68239141e+03 ... -1.22450829e+01
  -8.23988397e+00 -5.20482435e+01]
 [-1.41646653e+03 -1.71715086e+03 -1.77818223e+03 ... -6.53123528e-01
   3.60737351e+01  9.17823041e+01]
 [ 5.22649306e+03  6.70885973e+03  6.85094844e+03 ...  1.35623213e+02
   1.88718735e+02  8.56387502e+01]]
[[-7.09114359e+03 -7.31774675e+03 -7.47876604e+03 ...  2.94464006e+02
   7.69851792e+01 -5.70896268e+01]
 [-5.82685747e+03 -6.36881489e+03 -6.16574700e+03 ...  6.21805514e+01
   2.42845855e+02  2.43946088e+02]
 [-2.54639065e+04 -2.49536392e+04 -2.63880162e+04 ... -2.93275353e+02
  -4.69167204e+02 -4.23985639e+02]
 ...
 [ 8.69171442e+03  8.57929465e+03  8.90961217e+03 ...  5.21065997e+01
  -1.34354986e+01 -7.04122139e+01]
 [ 1.02337222e+03  1.27422572e+03  1.04184505e+03 ...  7.64727829e+01
  -1.56053343e+02 -2.19832411e+02]
 [ 4.75054707e+03  4.80385625e+03  4.83033444e+03 ...  1.17948107e+01
  -1.00761186e+02 -1.35293508e+02]]
[[ 7.45997153e+03  7.35443169e+03  7.51718836e+03 ...  2.99139760e+01
   7.83974348e+00  3.57361576e+00]
 [ 5.21786962e+03  5.05842474e+03  5.21169440e+03 ...  1.92077157e+02
   1.84930690e+02  1.78617306e+02]
 [-9.94404854e+02 -1.08049029e+03 -1.12775811e+03 ...  4.48411455e+01
   1.41586491e+01  2.45344755e+01]
 ...
 [ 4.07748853e+03  4.03673449e+03  4.17776183e+03 ...  1.92185915e+02
   2.24106023e+02  2.01323416e+02]
 [ 1.51734503e+03  1.55249136e+03  1.47937044e+03 ... -1.17194500e+02
  -1.27833247e+02 -1.23748061e+02]
 [ 3.01022769e+03  3.01455330e+03  3.10495071e+03 ... -2.90136487e+01
  -6.42745432e+00 -1.49074069e+01]]
[[ 9992.32849836 10160.5671301  10718.580411   ...   -73.1435625
    -67.06878804    65.01628457]
 [ 9914.84946444 10003.43826161 10623.20695266 ...    62.06779964
    140.64754154    20.67729235]
 [13280.60251419 13502.76934134 14338.04445618 ...  -346.35637785
    -97.94114534   117.62172104]
 ...
 [ 5398.22411228  5575.41565097  5878.20418264 ...  -392.65445232
   -299.03480138    87.03855891]
 [ 1708.99918397  1817.94147921  1880.16272821 ...   -86.54405081
    -22.30332897    54.93791073]
 [-1380.69789963 -1359.34730144 -1514.01442594 ...   137.96088265
    125.4960948    -31.51304465]]
[[  89.05120885  131.62117806   53.86233025 ...  298.29007799
   322.51570606  328.87028726]
 [ -32.45996889  -54.74833051    3.77169673 ...  -45.49016673
   -40.54610618  -48.00930295]
 [ 132.96616986  162.23436073  -53.22413993 ...  258.16787462
   242.68716186  276.04250766]
 ...
 [-177.21369443 -227.5363231   -85.38416506 ... -241.32582661
  -235.61011634 -240.39965517]
 [-233.56871779 -291.1824047  -108.48785898 ... -311.02561871
  -326.23289757 -304.84756193]
 [  37.28694846   52.94502896  -39.1866812  ...  348.24559959
   370.70805787  359.31385605]]
[[  73.02603358  -15.99351594   31.117441   ...  -32.33686395
   -36.16786746  -18.247194  ]
 [ -98.5582523   -64.5210463    -4.30750922 ...  -28.8538103
   -90.73627868  -22.91832322]
 [ -98.27275354  -74.21132766  -43.83594211 ... -134.83070449
  -122.3721786   -47.16753228]
 ...
 [-105.76499424  -43.68299693   -4.45281829 ... -230.92469461
  -236.87400212 -119.21307217]
 [ -93.62151863  -22.36092518  -17.18806567 ... -259.9723131
  -171.89179465  -87.82497802]
 [  67.81311269   44.9256213    66.63240336 ...  -90.07220599
   -89.25428332  -49.63397253]]
[[  13.61358957   45.8020202    27.0295434  ...   47.7082785
    45.95351525   16.17729864]
 [   7.06882913   15.49910893   -7.83842617 ...   95.43289466
   115.26786936   58.44987319]
 [ -32.97876666  -50.51598715  -59.81063215 ...  -57.63633473
   -68.90835642  -84.64598515]
 ...
 [  69.24851125  116.19716984  108.70988179 ...   36.78233681
    -4.51561019   10.89151582]
 [  76.8151804   102.71264665   68.98097375 ...  141.79902554
   146.51030813   25.94176866]
 [ -40.86983428  -35.05206751  -51.25109745 ... -146.70136231
  -127.64103692 -173.49657883]]
[[ -66.96404348 -105.61977351   20.10746643 ... -114.08159012
  -159.01085778 -153.10368148]
 [  21.997371     18.7532762    -5.64645675 ...   90.55079953
   121.06561478  128.33246946]
 [  76.53590306   82.96606483   93.52213953 ...  158.66037519
   151.71503406  141.22575339]
 ...
 [  85.80943117   64.42656396  -58.74481895 ...   -0.59808994
    78.25370791  112.71397267]
 [  44.39837852   45.20240896  -37.62350627 ...  121.43675557
   132.23565385  132.88530842]
 [   6.18139422   12.15412157   -0.3427763  ...   75.84486492
    68.25009576   82.13823017]]
[[-6.56703715e+01 -2.29674883e+02  1.10221393e+01 ... -3.67090892e+01
  -1.30865334e+02 -2.38800489e+02]
 [ 6.38218125e-02 -1.43137939e+01  2.07091560e+01 ... -6.38393374e+01
  -8.07811494e+01 -1.06080683e+02]
 [-1.05408963e+02 -2.29486065e+02 -5.28925558e+01 ...  5.09368741e+01
   4.27650957e+01 -1.40949236e+01]
 ...
 [-4.92947263e+00  5.44347133e+01 -2.60083613e+01 ... -1.50781547e+01
  -3.76781925e+01 -9.72412474e+01]
 [-1.00433777e+02 -2.10065144e+02  1.85717887e+01 ... -7.98120637e+01
  -3.56289922e+02 -5.89564468e+02]
 [ 1.15958211e+02  3.59461993e+02  6.49823190e+01 ... -1.17046836e+02
  -2.38170470e+02 -3.16676644e+02]]
[[ 1.34037528e+02  1.45236227e+01  3.78719695e+01 ... -1.00913945e+02
  -9.56124401e+01 -9.46053337e+01]
 [ 3.81938371e+01  1.27427507e+02  3.87577803e+02 ... -8.95071800e+01
  -8.10301185e+01 -7.09889929e+01]
 [ 3.66083918e+01 -1.57784802e+01 -4.37565298e+00 ...  5.12206674e+00
  -2.29555776e-01  8.91365256e+00]
 ...
 [ 2.70944762e+01 -1.24217928e+01 -3.83029120e+01 ... -2.92498872e+01
  -2.86531387e+01 -1.79788180e+01]
 [-6.77499244e+01  1.36312865e+00 -1.09044146e+02 ...  1.03007614e+02
   7.07560666e+01  6.40189930e+01]
 [ 4.23301900e+01 -1.75934028e+01 -5.55463290e+01 ... -2.13685320e+01
  -1.80876444e+01 -2.18730440e+01]]
[[  20.32133262    2.469186     37.09567475 ...   65.77053361
    62.85041135   47.30484748]
 [  84.01542657   58.06640068   70.04226158 ...  -62.4847361
  -203.87483362 -268.68859781]
 [ 152.64500378   97.22659914  136.8900645  ...   29.92142365
  -112.45960792 -105.81014866]
 ...
 [ -65.61745461 -110.1035276  -134.32198338 ...  -81.89034013
     2.36482694  135.23100211]
 [ 336.40842811  324.03434443  347.73177095 ... -125.10455115
  -451.98350395 -736.36704511]
 [ -77.35293123   20.28564164  -64.428451   ...  166.9962186
   273.11858883  387.52981481]]
[[  -548.35744991   -560.30423986   -538.19635174 ...   7894.79232305
    7807.74171979   8710.48090512]
 [   140.49018346    195.92999825    206.93654434 ...  -2065.67541466
   -2077.45148833  -2308.29514639]
 [  -230.77705226   -268.76851505   -229.74662382 ...   1412.89995491
    1353.58514313   1500.99645169]
 ...
 [   998.68219861    915.35614131   1005.43576239 ... -12992.95401908
  -12837.33689227 -14433.75388305]
 [   394.34978456    308.1724601     358.58681145 ...  -4285.09278339
   -4264.85417008  -4731.77255863]
 [  -398.32211023   -468.82238627   -475.35295099 ...   5881.43086277
    5809.81189675   6541.65386689]]
[[  -547.22772975   -544.733709     -574.30445897 ...   7892.07289778
   10115.1430508   15857.50304056]
 [   -73.75661668    -72.21224655    -74.95256463 ...    879.18933179
    1029.97305986   1657.02724779]
 [   302.90003012    340.10353889    330.70107466 ...  -4986.55058513
   -6335.02707333  -9968.43086227]
 ...
 [   515.08603413    619.19437683    607.95233644 ...  -8885.00138653
  -11314.36057801 -17760.94851877]
 [ -1450.83158713  -1351.53835233  -1353.29946309 ...  17440.46405782
   22327.87698315  34973.49720654]
 [   121.4757566     203.02943933    206.77519567 ...  -2895.06635672
   -3694.64805174  -5785.37328146]]
[[-1.77298413e+02 -1.46978859e+02 -1.00116073e+02 ...  1.97384015e+03
   2.17704047e+03  2.97893155e+03]
 [ 1.66576022e+02  1.61541857e+02  1.56266464e+02 ... -1.87908709e+03
  -2.11711468e+03 -2.85138791e+03]
 [ 3.86454898e+02  3.45683817e+02  3.62715117e+02 ... -5.56119388e+03
  -6.34221730e+03 -8.49586316e+03]
 ...
 [ 6.22636280e+01 -2.89510682e+01 -6.68159004e+00 ...  2.48671161e+02
   2.95170323e+02  4.31600469e+02]
 [-3.79378502e+02 -4.26503397e+02 -4.24688029e+02 ...  7.73900831e+03
   8.81646841e+03  1.19305714e+04]
 [ 9.51583122e+02  7.62608578e+02  7.86651557e+02 ... -1.18705372e+04
  -1.35995159e+04 -1.82123651e+04]]
[[ 1.50360832e+02  1.34960939e+02  1.08821590e+02 ... -3.38240225e+03
  -3.67963737e+03 -3.45911518e+03]
 [ 4.75871284e+00 -7.62801886e+00  2.99413961e+00 ...  1.44800186e+02
   1.15076538e+02  7.78055787e+01]
 [-3.08644386e+02 -3.11647455e+02 -3.07116245e+02 ...  5.49465150e+03
   6.25215121e+03  5.40442050e+03]
 ...
 [ 6.76684828e+02  7.27843768e+02  6.93257205e+02 ... -1.37881938e+04
  -1.53673334e+04 -1.36083349e+04]
 [-2.29184612e+02 -1.34187908e+02 -1.87427797e+02 ...  2.60052930e+03
   2.91031064e+03  2.50667492e+03]
 [ 2.67007985e+02  2.92145094e+02  3.17326296e+02 ... -5.49416748e+03
  -6.11615553e+03 -5.46624395e+03]]
[[   565.76633363    553.5526267     655.10561161 ...  -8753.52537957
  -10870.72128672 -10553.23528166]
 [  -432.49934413   -437.98691087   -594.40637025 ...   6141.23304148
    7595.63393106   7414.05855655]
 [   378.99954771    375.7448959     277.11107102 ...  -6408.37587636
   -8041.04480798  -7796.70660629]
 ...
 [  -439.97751612   -398.20384623   -490.54642771 ...   6835.16952856
    8446.27156647   8225.18626685]
 [    88.35645612    178.65493923    310.24004071 ...  -3423.40910248
   -4207.7658742   -4071.34538346]
 [  -295.46294223   -236.69020861   -297.28732564 ...   3484.14716973
    4265.87329467   4210.7940931 ]]
[[   711.0721273     668.10887149    760.1143877  ...  -9670.53016001
  -10417.51509707 -12010.67813098]
 [  1060.66629324    854.57775696    832.39955211 ...  -9239.15468922
   -9925.31095957 -11456.17420519]
 [   379.40965376    244.71016118    187.0243106  ...     39.22971135
      40.66482818     32.9277423 ]
 ...
 [   -51.24931175     54.28411731    107.50585891 ...  -2095.6738368
   -2276.68013345  -2595.92063539]
 [   822.56148041    977.17181742   1142.43174912 ... -18169.65233269
  -19552.89730185 -22552.43127478]
 [   392.02069636    486.09382651    519.1115496  ...  -8414.90357723
   -9028.0704189  -10424.06038775]]
[[-4.38332369e+02 -4.65751654e+02 -4.62908855e+02 ...  7.14613606e+03
   8.12411092e+03  8.14205028e+03]
 [-7.79105881e+02 -8.25863792e+02 -8.04852159e+02 ...  1.37072458e+04
   1.52447122e+04  1.54325180e+04]
 [ 1.22396633e+03  1.22039484e+03  1.19064663e+03 ... -2.21279095e+04
  -2.49040266e+04 -2.50555110e+04]
 ...
 [ 6.83083845e+01  1.77182370e+02  2.55510745e+02 ... -4.82978487e+03
  -5.37549353e+03 -5.50867287e+03]
 [-6.89549238e+01  6.60792739e+01  1.46270851e+02 ... -2.07184759e+03
  -2.33977641e+03 -2.40516030e+03]
 [-1.34146827e+02 -5.63518767e+00  6.94602677e+01 ... -1.27909180e+03
  -1.42911911e+03 -1.46883065e+03]]
